x1= 0.5814 + j 1.597;
x2= -1.785 - j 0.6498;
x3=x1+x2;